0.1	0.2550690792509883
0.1	0.25535378523522784
0.1	0.2554885489149135
0.1	0.25537706088058637
0.1	0.2550619650405496
0.1	0.2554105905073371
0.1	0.2550830195649578
0.1	0.24860027219871425
0.1	0.255764429936807
0.1	0.25551731736077105
0.2	0.2633725488019658
0.2	0.27470135133927687
0.2	0.3401195635496689
0.2	0.2680587169788582
0.2	0.25294206625766386
0.2	0.26703485688399964
0.2	0.2652085904394684
0.2	0.2731181032486628
0.2	0.26765124365098647
0.2	0.27285699316125445
0.3	0.41875898945380724
0.3	0.41000494567212203
0.3	0.4577688270271611
0.3	0.404106385610455
0.3	0.2538537169923172
0.3	0.38992270807466406
0.3	0.45612122237279984
0.3	0.42179409752637914
0.3	0.4158518511895935
0.3	0.2889390550946434
0.4	0.41514515555943876
0.4	0.3891692709529076
0.4	0.42378966075454744
0.4	0.4752335857569627
0.4	0.48033772167903394
0.4	0.3879604630357244
0.4	0.3639795201172512
0.4	0.3639675194280656
0.4	0.38400076342418005
0.4	0.44275730959053494
0.5	0.37811115889864505
0.5	0.37107348020665437
0.5	0.54950942086232
0.5	0.49581256576673954
0.5	0.43461593173626234
0.5	0.3728245070510121
0.5	0.5164420325218675
0.5	0.521247829794504
0.5	0.5206353433498616
0.5	0.5565885723429581
0.6	0.48430105255767447
0.6	0.43476303976689074
0.6	0.397288990803652
0.6	0.4127757102946484
0.6	0.587629984654439
0.6	0.44274028340406235
0.6	0.39505902909423174
0.6	0.4274386701538157
0.6	0.5749843646810678
0.6	0.5565458640028129
0.7	0.4824910768380193
0.7	0.5413459264033609
0.7	0.4455483621624396
0.7	0.5452809238739035
0.7	0.58040718777105
0.7	0.5414061936365179
0.7	0.341167285016241
0.7	0.453213237518562
0.7	0.4406485834114372
0.7	0.5364876121836156
0.8	0.4612239148397508
0.8	0.41428577740293404
0.8	0.5663372253301862
0.8	0.3774265689804555
0.8	0.5313691294075499
0.8	0.47831241658916335
0.8	0.555005446157326
0.8	0.4010133277870342
0.8	0.5084552518823338
0.8	0.5411930704308223
0.9	0.6752348928454917
0.9	0.5511440786787127
0.9	0.5258729426632676
0.9	0.4689452390377447
0.9	0.5305003730852149
0.9	0.6140124014250465
0.9	0.5632864717982812
0.9	0.640438404324953
0.9	0.5086106042645525
0.9	0.6093604861300764
1.0	0.5409614017869436
1.0	0.8299771773099244
1.0	0.4938774135687083
1.0	0.8279604572387591
1.0	0.6505057451675863
1.0	0.538056156631329
1.0	0.5890704305051606
1.0	0.5484971552443587
1.0	0.6241315795471867
1.0	0.5255694565838915
1.1	0.552427338864112
1.1	0.5945506315146152
1.1	0.6519584722752324
1.1	0.6931760531942708
1.1	0.5781112554948425
1.1	0.6445351988957856
1.1	0.5277002075714419
1.1	0.7080513089349955
1.1	0.5470933677090022
1.1	0.5483268825142126
1.2	0.6156342542235459
1.2	0.8474591848980887
1.2	0.614593550646864
1.2	0.70671730442742
1.2	0.6178943052472035
1.2	0.8427391042491847
1.2	0.6716646917163133
1.2	0.7378688383917752
1.2	0.6952278961902207
1.2	0.5995339266358213
1.3	0.6507084374538638
1.3	0.5818073382389707
1.3	0.5555213703080274
1.3	0.7082038987073264
1.3	0.7230330517219031
1.3	0.5823592168621979
1.3	0.6899460061818541
1.3	0.5249412941007098
1.3	0.7053138843754988
1.3	0.6131130389304651
1.4	0.5497420093956057
1.4	0.6793981498367406
1.4	0.7560345463494093
1.4	0.6861906720971345
1.4	0.7042935295799398
1.4	0.681098875355491
1.4	0.7808836734535398
1.4	0.7005658098452527
1.4	0.6309162090946554
1.4	0.697070374705509
1.5	0.6940019771343143
1.5	0.597088271415734
1.5	0.7523831184958966
1.5	0.706361035794574
1.5	0.7155909923703951
1.5	0.5977863715502103
1.5	0.7501499694208474
1.5	0.722594417105898
1.5	0.7335341927222754
1.5	0.7637024778757122
1.6	0.7267312040434057
1.6	0.6047752579103596
1.6	0.7261751064480774
1.6	0.656024881427653
1.6	0.8423863416527624
1.6	0.6673469447332965
1.6	0.7254714339620654
1.6	0.7030305308740671
1.6	0.6799737774481378
1.6	0.6904023856852654
1.7	0.792990987606254
1.7	0.8429364475474695
1.7	0.6689191165299118
1.7	0.7868949162997712
1.7	0.8023330570059888
1.7	0.76302534975617
1.7	0.6949721501829895
1.7	0.7673246580502415
1.7	0.7418317875355604
1.7	0.7654844858553058
1.8	0.8253678316778017
1.8	0.7274732080532023
1.8	0.8417682869306192
1.8	0.7959503661386309
1.8	0.7316030216594666
1.8	0.7930373434206838
1.8	0.7915685239805553
1.8	0.798869627412596
1.8	0.7893388541349211
1.8	0.7772960605191485
1.9	0.7976576078125116
1.9	0.8333041923946176
1.9	0.7831795885532142
1.9	0.7540580354811639
1.9	0.7995935560417345
1.9	0.8191126651464075
1.9	0.7591670548519078
1.9	0.7335835050171141
1.9	0.8021480702479735
1.9	0.869779276857617
2.0	0.7788859155971
2.0	0.7119040779755803
2.0	0.7307697796719016
2.0	0.863608991908746
2.0	0.8036666733627845
2.0	0.8383634483840433
2.0	0.8046828781441662
2.0	0.7927705905865863
2.0	0.8402243044694316
2.0	0.7148045956270848
2.1	0.7757759849801065
2.1	0.8474622962557509
2.1	0.7445494210805774
2.1	0.8268762143908899
2.1	0.7885225496561556
2.1	0.8605854999728262
2.1	0.8325062847905669
2.1	0.7488988719109609
2.1	0.844068798888165
2.1	0.7715938669574391
2.2	0.8035873420362156
2.2	0.742131445004276
2.2	0.8274321702164806
2.2	0.7716952051300163
2.2	0.8090873597715745
2.2	0.900873782913024
2.2	0.764069189788585
2.2	0.7948892904750999
2.2	0.7379176353915934
2.2	0.8330396249277299
2.3	0.8474860170311621
2.3	0.7930892183188163
2.3	0.84783189011279
2.3	0.8109784347359782
2.3	0.8844120426407437
2.3	0.7811032911772651
2.3	0.826644348330682
2.3	0.8635899810605273
2.3	0.8191098473556975
2.3	0.8536386410112469
2.4	0.8460613536495434
2.4	0.8342396653260158
2.4	0.8527594983750403
2.4	0.8095776139347819
2.4	0.8292383558957142
2.4	0.8502145003610753
2.4	0.878861876599118
2.4	0.8187730614359212
2.4	0.8008358871086826
2.4	0.8208961530099215
2.5	0.8739717454925869
2.5	0.82729466245292
2.5	0.8747976635099411
2.5	0.8133993893129035
2.5	0.8286093752738702
2.5	0.8553645054842225
2.5	0.8717349678165291
2.5	0.7820371768713544
2.5	0.8797171667764325
2.5	0.8213295374874529
2.6	0.8609929991425893
2.6	0.8250668223751197
2.6	0.8184583821252431
2.6	0.8266852201059861
2.6	0.8146285421781246
2.6	0.8745907080521435
2.6	0.8938856818481208
2.6	0.8610255149970741
2.6	0.8246167360910711
2.6	0.7824639711499782
2.7	0.824089277666006
2.7	0.8774980290161771
2.7	0.7667770747185478
2.7	0.8142400245963063
2.7	0.8417253597406142
2.7	0.8510708533970238
2.7	0.8393340447415967
2.7	0.8847450895585373
2.7	0.8598169875499402
2.7	0.8633324528266012
2.8	0.8681912897641807
2.8	0.8850930599147719
2.8	0.8396688889674997
2.8	0.8555346788050355
2.8	0.8904666839631781
2.8	0.8819786504262913
2.8	0.8179313527737769
2.8	0.8250850630155294
2.8	0.869415529213066
2.8	0.8765095792527698
2.9	0.8510598055330693
2.9	0.8046085638688522
2.9	0.8498298529576825
2.9	0.8858466365424296
2.9	0.909539094856909
2.9	0.896040858730568
2.9	0.8655070153821949
2.9	0.8500908464924535
2.9	0.9219824937522322
2.9	0.9060982038474433
3.0	0.8701038728559723
3.0	0.8848066149527609
3.0	0.8581910789778667
3.0	0.851393065107704
3.0	0.8572670297603125
3.0	0.9029232105374128
3.0	0.8073300385698831
3.0	0.8500324914418681
3.0	0.8528771427411603
3.0	0.8958528630657915
3.2	0.9120652973026334
3.2	0.8607828655914365
3.2	0.9179612353670914
3.2	0.8730939458385525
3.2	0.9183429091043182
3.2	0.8732199519858157
3.2	0.9019743307114946
3.2	0.9311428477032124
3.2	0.8822879158182901
3.2	0.8898717703666982
3.4	0.9304031513339299
3.4	0.9110278535809798
3.4	0.8987171584319995
3.4	0.9417467169632309
3.4	0.9274988290123547
3.4	0.9052281306023238
3.4	0.932092135929117
3.4	0.9421409241457271
3.4	0.8947624313562296
3.4	0.9071914268472934
3.6	0.9365593409973194
3.6	0.9397519228864334
3.6	0.9385614322420278
3.6	0.9383033918954666
3.6	0.9432666046666321
3.6	0.8940649934034588
3.6	0.9553837907643615
3.6	0.9265278888928717
3.6	0.9303856182585617
3.6	0.912891115846379
3.8	0.9631984496732262
3.8	0.9555796188151604
3.8	0.9506458188714233
3.8	0.9221652645048745
3.8	0.9326512266893267
3.8	0.9476920465017244
3.8	0.9644390301310372
3.8	0.9472368828283665
3.8	0.9376933689332476
3.8	0.939497595004865
4.0	0.9703710073816254
4.0	0.9403536542718601
4.0	0.9658277517661279
4.0	0.937825905625442
4.0	0.9644202048708062
4.0	0.9589184830332861
4.0	0.9322668454478892
4.0	0.9533748234910417
4.0	0.9512943381138154
4.0	0.9347936086954041
4.2	0.9446588859445615
4.2	0.9747478558126443
4.2	0.9573863921103273
4.2	0.9730405173934867
4.2	0.9611349303338539
4.2	0.9685919531916355
4.2	0.9578454268193198
4.2	0.9445379920330014
4.2	0.9412580864880903
4.2	0.9596748331412114
4.4	0.9687628609199472
4.4	0.9758410213939402
4.4	0.9706163356104176
4.4	0.964479674029793
4.4	0.9858724023820554
4.4	0.9811496989841528
4.4	0.9815349787704333
4.4	0.9807989554276153
4.4	0.9829573869894842
4.4	0.978573273600226
4.6	0.985081121083055
4.6	0.9742302977437434
4.6	0.9809130296577216
4.6	0.9842362484412519
4.6	0.9839074565310427
4.6	0.9848053377362209
4.6	0.983036273403231
4.6	0.9828939427722897
4.6	0.9885908133819318
4.6	0.9859551188147003
4.8	0.9775474200009125
4.8	0.990853730610262
4.8	0.9813698160782697
4.8	0.9891318906902122
4.8	0.9908518016035593
4.8	0.9816284918196173
4.8	0.9864063480480845
4.8	0.9836537490846203
4.8	0.980840912827
4.8	0.9816548571543054
5.0	0.9960025657131596
5.0	0.9908333428141742
5.0	0.9878485708111715
5.0	0.9949559253599815
5.0	0.9913121915596687
5.0	0.990009593532614
5.0	0.9958543859883904
5.0	0.9883554118306862
5.0	0.9912596183607282
5.0	0.9891993735102567
